4271
1369
1999
1624
2626
3535
1009
2469
1025
1208
7722
1960
0001
1965
4121
7734
1971
1124
1981
1117
1221
1103
0987
1115
1031
1776
2323
2055
1125
1993
1235
1269
7007
0911
1982
2921
6669
1968
1492
1120
1107
1121
1957
1220
1104
2929
1214
5683
1983
7777
1970
1313
1224
1411
1231
2501
4567
4226
1027
1021
2005
1209
1985
4545
1956
1102
1972
1128
1222
1130
1012
1469
2369
1028
1973
0660
1245
4040
6789
1988
1111
1213
1126
1216
1975
1969
1122
0007
1228
4321
1946
8520
1018
5858
1717
0069
0420
7890
1331
1226
5151
1127
1218
2828
5232
1219
1011
1991
1995
1911
1010
1014
1990
1201
1818
2001
1958
1950
1432
5678
1026
3000
1944
1966
5329
1229
1996
1004
3825
1113
1984
4554
5050
2233
4949
2121
5252
2244
1227
3636
1945
2211
1797
7676
2580
1204
7474
4128
1223
1979
3434
2002
2663
1954
7878
1023
1515
2525
1812
1989
5656
6996
0815
1943
1002
1007
1022
2000
1016
1236
2500
1000
1962
1914
4441
4417
1994
1200
1015
2345
1123
6969
8989
1114
1998
9999
1980
2277
1230
4711
1919
1024
2468
6464
1017
1205
9876
1414
1233
0123
2003
1961
1976
5454
4444
1952
5000
5353
2255
1900
1210
5291
1986
1029
2928
1030
1701
5555
3737
1942
9898
0311
8888
1941
1234
1003
1112
1978
0101
4747
4200
1008
1215
1101
1013
3232
5150
1217
2010
1202
1997
7894
2004
0000
1974
4242
1964
1987
1211
1949
1955
3333
1478
1992
1129
2222
3131
1019
3006
1134
1948
1225
1953
2424
6666
1005
1138
2112
1947
4343
5757
1967
5401
1977
1959
1357
3728
1664
2020
1207
1001
1212
1066
2727
1951
1963
1060
1616
1020
5432
5424
3030
